100
4 2
5 2
6 2
1000 1000
1000 1
395 391
999 487
596 525
961 953
1000 999
718 623
1000 489
1 1
500 204
768 764
999 2
984 936
542 528
999 498
1000 256
3 1
999 1
500 255
5 1
473 426
850 697
300 257
999 406
500 500
500 65
1000 498
500 246
308 299
999 128
999 499
311 269
609 472
953 872
500 127
559 550
1000 128
500 249
999 488
910 904
775 725
1000 255
643 530
877 753
500 2
475 471
500 128
1000 488
999 998
903 687
837 709
999 999
558 493
274 267
500 256
2 2
445 422
1000 127
1000 500
933 904
780 746
1000 2
999 512
671 508
999 255
608 569
500 245
279 217
1000 512
692 637
4 1
317 287
572 512
500 250
999 511
2 1
370 353
999 490
1000 499
337 274
3 2
586 456
999 256
1000 476
500 117
500 499
1000 511
500 244
696 667
999 497
999 127
932 734
642 617
500 248
500 1
500 116
