100
4 2
5 2
6 2
1000 1000
1000 1
500 244
999 127
500 128
500 97
999 512
509 503
999 999
1000 437
500 116
626 516
500 256
1000 498
500 1
250 207
999 128
455 376
500 127
823 697
382 350
1000 500
823 651
828 722
607 595
411 337
1000 489
1000 2
999 998
1000 499
408 374
3 1
999 497
310 275
434 413
999 503
500 245
952 737
451 433
999 498
1000 999
4 1
999 387
871 695
500 500
511 417
1000 127
701 586
5 1
577 541
522 421
770 666
500 117
298 227
501 413
594 530
999 487
500 249
914 692
999 255
815 730
1000 512
1000 506
1000 488
1 1
500 2
704 605
1000 511
768 765
999 499
483 476
500 248
582 453
500 499
1000 256
3 2
2 2
1000 128
637 500
882 783
999 256
527 426
476 475
500 250
704 612
500 186
845 720
999 2
500 255
1000 255
844 648
887 710
999 511
915 688
999 1
999 488
2 1
