100
5
1 9
10 1
2 3
5 3
7 3
3
0 100
50 30
30 30
5
1 2
3 4
5 6
7 8
9 10
10
25 12
99 27
22 70
84 38
75 64
2 70
6 78
100 13
94 62
0 36
10
50 30
92 10
38 65
77 76
68 59
32 92
29 55
50 68
55 27
28 68
10
41 31
99 7
68 84
79 87
55 89
71 58
13 87
83 98
80 100
48 31
10
64 12
2 62
81 36
97 33
93 49
11 60
83 7
47 93
66 47
45 28
10
27 64
36 3
24 10
23 62
76 94
19 43
22 20
82 41
100 21
96 10
10
73 98
33 95
35 38
55 87
7 81
61 82
23 55
26 88
17 63
60 85
10
44 44
51 17
3 26
62 7
69 26
42 82
72 10
58 70
5 67
36 10
10
6 2
26 88
29 95
27 18
3 20
93 16
79 75
39 31
23 80
86 2
10
1 48
73 83
50 99
21 5
49 89
6 14
27 93
38 70
83 32
64 51
10
88 11
20 95
15 94
82 8
45 80
14 17
42 67
86 46
32 74
62 15
10
84 54
67 15
65 53
81 1
4 7
71 40
88 81
17 26
5 66
65 47
10
87 70
7 94
7 37
9 74
50 90
92 67
8 73
80 33
10 24
39 15
10
81 99
73 95
17 66
43 12
3 69
78 70
13 75
91 64
21 75
34 67
10
37 67
59 35
69 15
18 73
87 9
7 81
96 85
46 54
45 52
4 30
10
58 73
88 22
20 40
7 88
49 55
85 12
20 20
69 45
5 94
87 65
10
73 42
2 59
2 9
24 87
67 1
71 29
88 55
50 58
47 5
5 61
10
38 4
71 60
25 78
70 79
70 87
82 7
74 43
12 10
1 63
74 97
10
12 24
60 71
17 4
18 83
58 47
98 89
65 94
48 46
67 42
1 6
10
62 62
72 11
3 42
64 50
97 16
79 61
24 42
90 10
32 70
61 18
10
16 52
17 80
69 66
57 75
49 11
97 15
8 94
54 34
41 28
78 60
10
57 23
94 3
50 78
88 11
74 90
24 49
13 15
49 100
51 94
80 6
10
21 57
92 25
100 15
55 18
12 42
61 60
42 70
29 19
85 47
79 88
10
17 59
100 12
69 10
48 58
61 33
67 50
48 3
97 95
9 72
85 52
10
36 64
82 83
85 33
25 23
44 97
2 85
9 42
20 33
79 74
59 44
10
78 70
5 76
17 36
96 84
99 73
82 15
71 4
90 79
25 53
85 84
10
67 64
5 13
6 80
13 41
2 71
74 49
87 86
66 94
60 2
69 84
10
99 67
8 3
65 45
64 77
18 21
98 72
64 10
6 91
56 5
55 99
10
25 99
14 3
86 100
39 11
78 27
91 57
70 14
51 47
55 25
39 67
10
61 53
45 39
94 13
68 32
88 84
87 7
15 71
37 88
92 81
83 48
10
49 13
17 94
54 41
42 37
3 97
36 27
50 78
48 14
95 83
81 81
10
54 53
61 36
17 84
44 33
95 41
78 1
62 4
93 58
79 48
9 44
10
12 100
68 61
83 82
88 39
10 2
49 71
57 97
39 83
49 37
94 31
10
67 99
11 80
56 52
14 84
97 85
83 58
90 8
59 54
35 61
7 97
10
88 85
5 67
62 67
50 85
16 61
76 79
22 87
88 26
29 32
65 93
10
10 82
61 63
1 34
65 69
84 24
59 17
9 53
39 63
18 43
19 50
10
1 51
66 63
86 51
100 60
4 93
58 99
14 94
80 44
13 88
67 74
10
65 69
56 90
59 11
65 3
62 22
89 42
99 19
23 11
81 70
75 38
10
86 95
64 51
75 62
69 16
74 82
57 31
76 69
86 81
18 80
70 12
10
46 21
25 98
62 98
67 75
0 36
27 78
98 5
92 76
67 91
85 33
10
62 92
67 98
84 65
100 85
75 59
95 38
54 57
36 61
63 20
7 5
10
73 90
20 85
55 41
3 14
42 90
26 54
27 88
8 78
17 64
46 49
10
90 4
44 66
55 6
54 8
92 45
62 36
100 83
30 46
98 25
15 44
10
29 59
86 58
40 69
23 90
56 75
67 1
37 80
45 77
41 94
47 1
10
23 76
72 93
66 35
28 75
6 23
44 61
56 87
16 60
27 72
33 4
10
73 81
10 70
10 78
56 14
42 36
50 37
80 64
14 96
20 40
34 72
10
70 6
41 51
96 89
67 32
46 78
58 12
19 98
96 88
10 38
81 69
10
98 4
83 3
58 35
68 76
58 92
1 29
88 83
37 56
68 4
19 40
10
16 31
86 83
63 50
86 62
23 29
72 59
42 91
84 84
15 68
92 8
10
75 28
10 3
50 48
69 47
81 22
3 54
1 27
6 3
17 89
11 37
10
79 85
43 66
90 15
32 98
80 91
60 88
44 62
74 56
32 86
88 23
10
4 80
48 22
46 93
99 40
68 72
43 50
68 27
96 93
78 40
83 22
10
31 81
34 76
64 59
42 98
18 62
11 74
100 78
45 74
54 14
92 32
10
57 82
85 64
65 22
39 32
90 48
79 33
71 12
82 68
48 81
13 3
10
51 13
68 42
51 81
10 73
16 73
10 12
14 21
69 53
68 84
91 81
10
97 52
90 74
72 11
12 64
18 58
31 22
67 78
11 41
52 95
80 96
10
33 92
27 63
28 44
61 84
49 100
43 72
67 73
65 71
89 35
18 77
10
2 1
74 15
30 38
11 19
67 74
81 84
30 31
82 24
43 12
16 4
10
60 95
20 88
64 2
96 39
46 73
5 16
45 30
31 73
42 20
28 53
10
94 41
43 4
17 95
54 35
2 1
61 80
25 34
11 87
35 17
9 53
10
93 16
52 24
12 37
25 6
36 78
21 56
45 63
6 84
73 40
16 53
10
25 39
81 50
16 88
25 95
18 51
4 62
36 61
50 86
20 98
44 59
10
53 44
85 42
98 87
42 68
72 74
45 91
18 26
100 58
100 94
50 90
10
1 54
84 64
60 71
3 86
85 59
22 18
95 45
100 99
37 11
30 33
10
46 54
15 94
68 13
45 31
14 6
83 7
65 13
62 42
23 9
3 32
10
48 70
79 99
100 51
50 65
54 93
57 30
78 96
54 47
95 93
33 27
10
62 71
45 20
25 68
1 32
53 24
32 77
68 88
22 45
0 63
22 25
10
98 16
20 95
94 84
72 71
36 15
28 87
94 59
65 41
7 44
1 32
10
72 88
35 41
62 80
19 31
0 68
26 63
11 90
98 83
70 59
0 22
10
12 9
40 75
32 38
23 96
9 1
66 6
0 33
17 27
98 67
75 64
10
59 74
77 42
69 17
27 48
8 18
16 6
60 55
63 66
4 66
6 57
10
52 22
95 64
81 49
30 7
78 9
7 84
87 88
10 17
89 54
43 51
10
94 73
58 25
83 87
56 16
3 19
24 28
97 58
76 72
50 22
91 42
10
49 32
58 5
41 50
27 33
77 31
49 55
74 82
68 72
37 30
84 51
10
6 15
95 3
86 45
16 61
38 67
91 79
50 10
23 33
40 11
95 74
10
31 26
87 44
64 11
66 75
87 83
13 19
45 98
62 86
66 28
64 33
10
67 31
77 75
57 68
100 13
18 12
87 39
99 87
67 9
5 80
4 88
10
81 89
86 92
18 90
79 79
51 40
11 24
54 44
57 38
16 100
61 86
10
45 80
10 50
56 95
54 10
4 15
91 84
80 61
99 73
46 77
88 45
10
38 30
0 60
17 14
55 44
18 60
98 13
18 1
33 79
12 51
62 1
10
13 80
78 65
25 100
88 54
51 37
17 80
42 18
82 42
17 2
12 53
10
38 41
94 27
20 86
6 26
49 50
36 28
49 51
43 52
34 68
51 61
10
48 59
28 14
4 92
68 24
41 52
23 34
72 17
12 20
18 100
13 9
10
82 70
3 19
33 87
43 23
39 30
30 8
24 46
13 84
29 96
30 66
10
98 64
83 41
45 47
5 70
4 8
0 88
86 59
24 63
47 59
87 3
10
95 21
51 86
37 98
11 18
97 62
50 55
78 82
31 29
21 94
53 2
10
29 47
79 77
4 35
46 45
11 33
87 40
89 39
40 77
0 97
20 71
10
47 87
1 35
83 100
100 37
99 87
87 75
74 1
36 23
9 28
41 88
10
90 43
92 76
64 10
70 81
6 44
37 43
4 78
88 1
74 35
41 92
10
29 6
8 98
47 10
54 53
58 83
97 35
25 40
6 18
93 48
44 93
10
81 68
75 9
29 19
60 57
81 5
15 89
81 93
54 8
69 96
74 69
10
11 32
57 37
34 35
54 51
58 82
50 16
59 22
25 3
81 50
96 19
10
60 91
70 34
9 56
27 47
50 29
51 82
45 17
94 84
22 41
99 35
10
23 81
38 88
6 75
63 79
52 1
80 96
75 4
31 44
90 27
17 50
10
56 24
25 72
46 95
49 32
91 4
9 25
89 47
92 60
11 69
9 81
10
12 62
82 59
17 44
83 20
18 53
38 19
38 54
41 58
75 25
45 73
10
50 74
80 21
3 43
84 71
77 47
38 30
51 94
90 5
96 22
91 31
10
69 33
94 26
19 98
6 45
66 4
39 50
78 43
16 92
3 55
29 7
