100
1 1
540 600
840 900
2 0
900 1260
180 540
1 1
1439 1440
0 1
0 2
686 1235
1321 1440
0 2
944 1439
327 366
0 2
0 1
1439 1440
0 2
1039 1408
1408 1432
2 0
135 443
443 482
0 1
1032 1440
1 0
79 571
1 0
968 1440
1 0
669 704
0 2
214 360
360 882
0 2
11 361
1080 1440
0 2
541 901
180 540
2 0
159 272
1324 1440
0 2
1163 1440
671 1005
1 1
1306 1440
806 1023
0 2
561 935
935 1051
0 2
1251 1440
286 592
0 1
1182 1440
0 2
316 600
145 316
0 1
1439 1440
2 0
1282 1346
1215 1282
0 2
783 1173
1173 1440
0 2
1119 1288
297 674
0 2
1437 1440
950 1437
0 2
1010 1416
1416 1440
0 2
985 1440
751 985
1 0
168 801
1 0
1135 1300
2 0
1294 1440
269 409
1 1
973 1286
1286 1440
0 2
179 539
540 900
1 1
1206 1440
1192 1206
2 0
1436 1440
286 414
2 0
1153 1423
1423 1440
0 1
1257 1440
2 0
877 1312
1312 1440
0 2
1069 1440
1054 1069
1 1
189 602
827 837
2 0
1006 1140
1140 1301
1 1
1228 1440
694 888
2 0
469 1046
1389 1440
0 2
1237 1260
1260 1440
2 0
1093 1196
541 1093
2 0
467 880
1148 1179
0 2
662 710
1279 1440
2 0
1010 1103
1416 1440
2 0
31 58
318 1002
2 0
822 980
980 1189
0 2
264 314
314 886
2 0
852 1168
1392 1440
0 1
59 401
0 1
1004 1072
1 1
616 891
1086 1109
2 0
1080 1430
11 361
0 2
1039 1440
674 796
0 2
737 1049
554 737
0 2
1080 1440
10 360
0 1
1300 1440
1 0
74 254
2 0
551 655
1273 1440
1 1
1024 1143
1344 1440
2 0
1213 1440
759 1213
0 1
1071 1219
2 0
796 1440
243 301
0 1
1026 1440
2 0
1004 1134
203 662
1 0
892 1440
0 2
1390 1440
1132 1390
0 2
1251 1440
948 1251
1 0
153 322
1 1
539 704
857 859
1 1
708 868
497 708
2 0
10 360
1080 1430
0 2
432 465
465 479
0 2
0 360
1080 1440
2 0
1266 1440
1151 1266
2 0
984 1440
33 34
2 0
1059 1440
927 1059
0 2
85 528
528 651
0 2
192 326
326 552
0 1
1219 1440
0 2
540 900
180 540
0 2
176 268
730 1278
2 0
10 360
1079 1429
0 1
1237 1440
2 0
353 854
1321 1440
2 0
1327 1440
1265 1327
2 0
1080 1430
0 360
1 1
226 255
1394 1440
1 1
0 1
1439 1440
0 2
1298 1440
142 534
2 0
930 1440
606 638
2 0
1079 1429
0 360
2 0
1369 1440
962 1126
2 0
614 747
926 1440
2 0
0 1
1439 1440
2 0
754 1294
1294 1406
